0;-1,-1,-1
1;-1,-1,-1
2;-1,-1,-1
3;-1,-1,-1
4;89,125,39
5;109,153,48
6;127,178,56
7;67,94,29
8;174,164,115
9;213,201,140
10;247,233,163
11;130,123,86
12;180,0,0
13;220,0,0
14;255,0,0
15;135,0,0
16;112,112,180
17;138,138,220
18;160,160,255
19;84,84,135
20;117,117,117
21;144,144,144
22;167,167,167
23;88,88,88
24;0,87,0
25;0,106,0
26;0,124,0
27;0,65,0
28;180,180,180
29;220,220,220
30;255,255,255
31;135,135,135
32;115,118,129
33;141,144,158
34;164,168,184
35;86,88,97
36;129,74,33
37;157,91,40
38;183,106,47
39;96,56,24
40;79,79,79
41;96,96,96
42;112,112,112
43;59,59,59
44;45,45,180
45;55,55,220
46;64,64,255
47;33,33,135
48;73,58,35
49;89,71,43
50;104,83,50
51;55,43,26
52;180,177,172
53;220,217,211
54;255,252,245
55;135,133,129
56;152,89,36
57;186,109,44
58;216,127,51
59;114,67,27
60;125,53,152
61;153,65,186
62;178,76,216
63;94,40,114
64;72,108,152
65;88,132,186
66;102,153,216
67;54,81,114
68;161,161,36
69;197,197,44
70;229,229,51
71;121,121,27
72;89,144,17
73;109,176,21
74;127,204,25
75;66,108,13
76;170,89,116
77;208,109,142
78;242,127,165
79;128,67,87
80;53,53,53
81;65,65,65
82;76,76,76
83;40,40,40
84;108,108,108
85;132,132,132
86;153,153,153
87;81,81,81
88;53,89,108
89;65,109,132
90;76,127,153
91;40,67,81
92;89,44,125
93;109,54,153
94;127,63,178
95;67,33,94
96;36,53,125
97;44,65,153
98;51,76,178
99;27,40,94
100;72,53,36
101;88,65,44
102;102,76,51
103;54,40,27
104;72,89,36
105;88,109,44
106;102,127,51
107;54,67,27
108;108,36,36
109;132,44,44
110;153,51,51
111;81,27,27
112;17,17,17
113;21,21,21
114;25,25,25
115;13,13,13
116;176,168,54
117;215,205,66
118;250,238,77
119;132,126,40
120;64,154,150
121;79,188,183
122;92,219,213
123;48,115,112
124;52,90,180
125;63,110,220
126;74,128,255
127;39,67,135
128;0,153,40
129;0,187,50
130;0,217,58
131;0,114,30
132;14,14,21
133;18,17,26
134;21,20,31
135;11,10,16
136;79,1,0
137;96,1,0
138;112,2,0
139;59,1,0
