0;-1,-1,-1
1;-1,-1,-1
2;-1,-1,-1
3;-1,-1,-1
4;89,125,39
5;109,153,48
6;127,178,56
7;67,94,29
8;174,164,115
9;213,201,140
10;247,233,163
11;130,123,86
12;138,138,138
13;169,169,169
14;197,197,197
15;104,104,104
16;180,0,0
17;220,0,0
18;255,0,0
19;135,0,0
20;112,112,180
21;138,138,220
22;160,160,255
23;84,84,135
24;117,117,117
25;144,144,144
26;167,167,167
27;88,88,88
28;0,87,0
29;0,106,0
30;0,124,0
31;0,65,0
32;180,180,180
33;220,220,220
34;255,255,255
35;135,135,135
36;115,118,129
37;141,144,158
38;164,168,184
39;86,88,97
40;129,74,33
41;157,91,40
42;183,106,47
43;96,56,24
44;79,79,79
45;96,96,96
46;112,112,112
47;59,59,59
48;101,84,51
49;123,103,62
50;143,119,72
51;76,63,38
52;45,45,180
53;55,55,220
54;64,64,255
55;33,33,135
56;180,177,172
57;220,217,211
58;255,252,245
59;135,133,129
60;152,89,36
61;186,109,44
62;216,127,51
63;114,67,27
64;125,53,152
65;153,65,186
66;178,76,216
67;94,40,114
68;72,108,152
69;88,132,186
70;102,153,216
71;54,81,114
72;161,161,36
73;197,197,44
74;229,229,51
75;121,121,27
76;89,144,17
77;109,176,21
78;127,204,25
79;67,108,13
80;170,89,116
81;208,109,142
82;242,127,165
83;128,67,87
84;53,53,53
85;65,65,65
86;76,76,76
87;40,40,40
88;108,108,108
89;132,132,132
90;153,153,153
91;81,81,81
92;53,89,108
93;65,109,132
94;76,127,153
95;40,67,81
96;89,44,125
97;109,54,153
98;127,63,178
99;67,33,94
100;36,53,125
101;44,65,153
102;51,76,178
103;27,40,94
104;72,53,36
105;88,65,44
106;102,76,51
107;54,40,27
108;72,89,36
109;88,109,44
110;102,127,51
111;54,67,27
112;108,36,36
113;132,44,44
114;153,51,51
115;81,27,27
116;17,17,17
117;21,21,21
118;25,25,25
119;13,13,13
120;176,168,54
121;215,205,66
122;250,238,77
123;132,126,40
124;64,154,150
125;79,188,183
126;92,219,213
127;48,115,112
128;52,90,180
129;63,110,220
130;74,128,255
131;39,67,135
132;0,153,40
133;0,187,50
134;0,217,58
135;0,114,30
136;90,59,34
137;110,73,41
138;127,85,48
139;67,44,25
140;79,1,0
141;96,1,0
142;112,2,0
143;59,1,0
